1   var   27
2   a   56
2   ,   43
2   b   56
2   ,   43
2   c   56
2   :   46
2   integer   14
2   ;   42
3   x   56
3   :   46
3   char   5
3   ;   42
4   begin   2
5   while   28
5   a   56
5   >   35
5   b   56
5   do   7
5   c   56
5   :   46
5   =   39
5   5   52
5   ;   42
6   x   56
6   :   46
6   =   39
6   'c'   54
6   ;   42
7   a   56
7   :   46
7   =   39
7   52   52
7   ;   42
8   if   12
8   (   50
8   a   56
8   +   30
8   c   56
8   *   32
8   3   52
8   >   35
8   b   56
8   )   51
8   and   1
8   (   50
8   b   56
8   >   35
8   3   52
8   )   51
8   then   23
8   c   56
8   :   46
8   =   39
8   3   52
8   ;   42
9   x   56
9   :   46
9   =   39
9   2   52
9   +   30
9   (   50
9   3   52
9   *   32
9   a   56
9   )   51
9   -   31
9   b   56
9   *   32
9   c   56
9   +   30
9   8   52
9   ;   42
10   for   11
10   x   56
10   :   46
10   =   39
10   1   52
10   +   30
10   2   52
10   to   24
10   3   52
10   do   7
10   b   56
10   :   46
10   =   39
10   100   52
10   ;   42
11   while   28
11   a   56
11   >   35
11   b   56
11   do   7
11   c   56
11   :   46
11   =   39
11   5   52
11   ;   42
12   repeat   22
12   a   56
12   :   46
12   =   39
12   10   52
12   until   26
12   a   56
12   >   35
12   b   56
12   ;   42
13   end   9
